ITB -6.892819989663359 107.61044146814181
CIBE -6.891247477270001 107.6085435471842
BZG -6.890130395050879 107.60686212574542
SITH -6.889376163701678 107.60943437211455
TamFest -6.887386915958845 107.608798386047
Saraga -6.886097571250295 107.61065594177626
SPBU -6.889996851486663 107.61292278951564
Kapulaga -6.887605713515408 107.61251349754805
UPTBahasa -6.8879729805973104 107.60943593694162
SF -6.8899817556965415 107.61064009861289
Salman -6.8935536004206925 107.6112935298314
Borromeus -6.8934368761465485 107.61348252544082
Adidas -6.891720688687857 107.61287428583154
0 1 0 0 0 0 0 0 0 0 1 0 0
1 0 1 0 0 0 0 0 0 1 0 0 0
0 1 0 1 1 0 0 0 0 0 0 0 0
0 0 1 0 1 0 0 0 1 1 0 0 0
0 0 1 1 0 1 0 0 1 0 0 0 0
0 0 0 0 1 0 0 1 0 0 0 0 0
0 0 0 0 0 0 0 1 0 1 0 0 1
0 0 0 0 0 1 1 0 0 0 0 0 0
0 0 0 1 1 0 0 0 0 0 0 0 0
0 1 0 1 0 0 1 0 0 0 0 0 0
1 0 0 0 0 0 0 0 0 0 0 1 0
0 0 0 0 0 0 0 0 0 0 1 0 1
0 0 0 0 0 0 1 0 0 0 0 1 0
